Input:
0.5  0.5  0.5  0.5  0.5  0.5  0.5  0.5  0.5  0.5  0.5  0.5  0.5  0.5  0.5  0.5
0.5  0.5  0.5  0.5
Initial Activations:
0.0  0.4  0.5  0.2  0.0  0.9  0.7  0.2  0.5  0.6  0.4  0.6  0.5  0.5  0.5  0.1
0.9  1.0  0.3  0.6
Output:
0.0  0.0  0.0  0.0  0.0  0.1  0.0  0.0  0.0  0.0  0.0  0.0  0.0  0.0  0.0  0.0
0.1  0.9  0.0  0.0
step: 0.005 input: 0.5 energy: -0.291767495047184 iterations: 525


Input:
1.5  1.5  1.5  1.5  1.5  1.5  1.5  1.5  1.5  1.5  1.5  1.5  1.5  1.5  1.5  1.5
1.5  1.5  1.5  1.5
Initial Activations:
0.2  0.5  0.1  0.8  0.0  1.0  0.6  0.8  0.3  0.0  0.2  0.8  0.8  0.6  0.2  0.4
0.9  0.2  0.1  0.6
Output:
0.0  0.0  0.0  0.1  0.0  0.9  0.0  0.1  0.0  0.0  0.0  0.1  0.1  0.0  0.0  0.0
0.4  0.0  0.0  0.0
step: 0.005 input: 1.5 energy: -1.60552925467726 iterations: 1000


Input:
2.5  2.5  2.5  2.5  2.5  2.5  2.5  2.5  2.5  2.5  2.5  2.5  2.5  2.5  2.5  2.5
2.5  2.5  2.5  2.5
Initial Activations:
0.8  0.3  1.0  0.8  0.2  0.0  0.6  0.4  0.1  0.4  0.8  0.5  0.2  0.1  0.1  0.8
0.7  0.4  0.4  0.8
Output:
0.2  0.0  1.0  0.3  0.0  0.0  0.1  0.0  0.0  0.0  0.4  0.0  0.0  0.0  0.0  0.2
0.1  0.0  0.0  0.4
step: 0.005 input: 2.5 energy: -3.85263156616898 iterations: 1000


Input:
3.5  3.5  3.5  3.5  3.5  3.5  3.5  3.5  3.5  3.5  3.5  3.5  3.5  3.5  3.5  3.5
3.5  3.5  3.5  3.5
Initial Activations:
0.3  0.1  0.8  0.8  0.5  0.1  0.7  0.9  0.9  0.7  0.5  0.2  0.5  0.5  1.0  0.1
0.4  0.5  0.7  0.0
Output:
0.0  0.0  0.4  0.4  0.0  0.0  0.1  0.9  0.9  0.1  0.0  0.0  0.0  0.0  1.0  0.0
0.0  0.0  0.1  0.0
step: 0.005 input: 3.5 energy: -7.55222839894732 iterations: 1000



Input:
0.5  0.5  0.5  0.5  0.5  0.5  0.5  0.5  0.5  0.5  0.5  0.5  0.5  0.5  0.5  0.5
0.5  0.5  0.5  0.5
Initial Activations:
0.9  0.9  0.7  0.9  0.7  0.2  0.7  0.5  0.7  0.0  0.1  0.9  0.8  1.0  0.9  0.5
0.2  0.6  1.0  0.2
Output:
0.0  0.0  0.0  0.0  0.0  0.0  0.0  0.0  0.0  0.0  0.0  0.0  0.0  0.9  0.0  0.0
0.0  0.0  0.0  0.0
step: 0.025 input: 0.5 energy: -0.43039460022988 iterations: 504


Input:
1.5  1.5  1.5  1.5  1.5  1.5  1.5  1.5  1.5  1.5  1.5  1.5  1.5  1.5  1.5  1.5
1.5  1.5  1.5  1.5
Initial Activations:
0.1  1.0  0.4  0.5  0.7  0.3  0.6  0.1  0.6  0.4  0.9  0.1  0.1  0.1  0.6  0.8
0.2  0.9  0.8  0.2
Output:
0.0  1.0  0.0  0.0  0.0  0.0  0.0  0.0  0.0  0.0  0.9  0.0  0.0  0.0  0.0  0.0
0.0  0.0  0.0  0.0
step: 0.025 input: 1.5 energy: -1.93088910205295 iterations: 461


Input:
2.5  2.5  2.5  2.5  2.5  2.5  2.5  2.5  2.5  2.5  2.5  2.5  2.5  2.5  2.5  2.5
2.5  2.5  2.5  2.5
Initial Activations:
0.3  0.1  0.0  0.1  0.7  0.4  0.5  0.6  0.4  0.9  0.8  0.3  0.4  0.2  0.3  0.2
0.2  0.1  0.6  0.2
Output:
0.0  0.0  0.0  0.0  0.9  0.0  0.0  0.0  0.0  1.0  1.0  0.0  0.0  0.0  0.0  0.0
0.0  0.0  0.0  0.0
step: 0.025 input: 2.5 energy: -4.43092791992044 iterations: 756


Input:
3.5  3.5  3.5  3.5  3.5  3.5  3.5  3.5  3.5  3.5  3.5  3.5  3.5  3.5  3.5  3.5
3.5  3.5  3.5  3.5
Initial Activations:
0.8  0.9  0.9  0.1  0.9  0.4  0.6  0.2  0.2  0.2  0.4  0.0  0.7  0.7  0.2  0.5
1.0  0.2  0.9  0.4
Output:
0.0  0.1  1.0  0.0  1.0  0.0  0.0  0.0  0.0  0.0  0.0  0.0  0.0  0.0  0.0  0.0
1.0  0.0  1.0  0.0
step: 0.025 input: 3.5 energy: -7.91753840313558 iterations: 569



Input:
0.5  0.5  0.5  0.5  0.5  0.5  0.5  0.5  0.5  0.5  0.5  0.5  0.5  0.5  0.5  0.5
0.5  0.5  0.5  0.5
Initial Activations:
0.0  1.0  0.6  0.8  0.9  0.5  0.5  0.8  0.1  0.6  0.2  0.2  0.0  0.8  0.9  0.9
0.0  0.4  0.7  0.4
Output:
0.0  0.9  0.0  0.0  0.0  0.0  0.0  0.0  0.0  0.0  0.0  0.0  0.0  0.0  0.0  0.0
0.0  0.0  0.0  0.0
step: 0.05 input: 0.5 energy: -0.432224847467291 iterations: 209


Input:
1.5  1.5  1.5  1.5  1.5  1.5  1.5  1.5  1.5  1.5  1.5  1.5  1.5  1.5  1.5  1.5
1.5  1.5  1.5  1.5
Initial Activations:
0.4  0.7  0.7  0.2  0.1  0.5  0.6  0.8  0.0  0.5  0.0  0.7  0.0  0.1  0.1  0.9
0.7  0.4  0.2  0.6
Output:
0.0  0.0  0.0  0.0  0.0  0.0  0.0  0.9  0.0  0.0  0.0  0.0  0.0  0.0  0.0  1.0
0.0  0.0  0.0  0.0
step: 0.05 input: 1.5 energy: -1.93435336708426 iterations: 387


Input:
2.5  2.5  2.5  2.5  2.5  2.5  2.5  2.5  2.5  2.5  2.5  2.5  2.5  2.5  2.5  2.5
2.5  2.5  2.5  2.5
Initial Activations:
0.2  0.1  0.2  0.4  0.9  0.6  0.4  0.3  0.9  0.1  0.1  0.4  0.3  0.9  0.6  0.3
0.1  0.7  0.6  0.4
Output:
0.0  0.0  0.0  0.0  0.9  0.0  0.0  0.0  1.0  0.0  0.0  0.0  0.0  1.0  0.0  0.0
0.0  0.0  0.0  0.0
step: 0.05 input: 2.5 energy: -4.35716294497121 iterations: 137


Input:
3.5  3.5  3.5  3.5  3.5  3.5  3.5  3.5  3.5  3.5  3.5  3.5  3.5  3.5  3.5  3.5
3.5  3.5  3.5  3.5
Initial Activations:
0.6  0.7  0.4  0.8  0.1  0.6  0.5  0.3  0.9  1.0  0.8  0.9  0.3  0.3  0.8  0.3
0.8  0.6  0.0  0.6
Output:
0.0  0.0  0.0  0.0  0.0  0.0  0.0  0.0  1.0  1.0  0.9  1.0  0.0  0.0  0.0  0.0
0.0  0.0  0.0  0.0
step: 0.05 input: 3.5 energy: -7.92151215344875 iterations: 271



Input:
0.5  0.5  0.5  0.5  0.5  0.5  0.5  0.5  0.5  0.5  0.5  0.5  0.5  0.5  0.5  0.5
0.5  0.5  0.5  0.5
Initial Activations:
0.8  0.8  0.1  0.4  0.1  0.7  0.4  0.9  0.7  0.4  0.7  0.1  0.6  0.4  0.5  0.6
0.8  0.8  0.9  0.6
Output:
0.0  0.0  0.0  0.0  0.0  0.0  0.0  0.9  0.0  0.0  0.0  0.0  0.0  0.0  0.0  0.0
0.0  0.0  0.0  0.0
step: 0.1 input: 0.5 energy: -0.436396122379408 iterations: 169


Input:
1.5  1.5  1.5  1.5  1.5  1.5  1.5  1.5  1.5  1.5  1.5  1.5  1.5  1.5  1.5  1.5
1.5  1.5  1.5  1.5
Initial Activations:
0.1  0.5  0.3  0.8  0.3  0.7  0.6  0.9  0.7  0.3  0.5  0.6  0.6  0.7  0.7  0.6
0.5  0.7  0.3  0.8
Output:
0.0  0.0  0.0  0.1  0.0  0.0  0.0  1.0  0.0  0.0  0.0  0.0  0.0  0.0  0.0  0.0
0.0  0.0  0.0  0.9
step: 0.1 input: 1.5 energy: -1.92180712557059 iterations: 216


Input:
2.5  2.5  2.5  2.5  2.5  2.5  2.5  2.5  2.5  2.5  2.5  2.5  2.5  2.5  2.5  2.5
2.5  2.5  2.5  2.5
Initial Activations:
0.5  0.2  0.4  0.2  0.5  0.7  0.8  0.9  0.7  0.2  0.3  0.1  0.6  0.0  0.9  0.6
0.3  0.6  0.7  0.0
Output:
0.0  0.0  0.0  0.0  0.0  0.0  0.9  1.0  0.0  0.0  0.0  0.0  0.0  0.0  1.0  0.0
0.0  0.0  0.0  0.0
step: 0.1 input: 2.5 energy: -4.43328615876831 iterations: 188


Input:
3.5  3.5  3.5  3.5  3.5  3.5  3.5  3.5  3.5  3.5  3.5  3.5  3.5  3.5  3.5  3.5
3.5  3.5  3.5  3.5
Initial Activations:
0.3  0.6  0.9  0.4  0.3  0.8  0.5  0.5  0.5  0.7  0.3  0.8  0.9  0.8  0.4  1.0
0.6  0.9  0.1  0.8
Output:
0.0  0.0  0.9  0.0  0.0  0.0  0.0  0.0  0.0  0.0  0.0  0.0  1.0  0.1  0.0  1.0
0.0  0.9  0.0  0.1
step: 0.1 input: 3.5 energy: -7.78199881855324 iterations: 71



Press any key to continue