Input:
2.5  2.5  2.5  2.5  2.5  2.5  2.5  2.5  2.5  2.5  2.5  2.5  2.5  2.5  2.5  2.5
2.5  2.5  2.5  2.5
Initial Activations:
0.4  0.4  0.4  0.4  0.4  0.4  0.4  0.4  0.4  0.4  0.4  0.4  0.4  0.4  0.4  0.4
0.4  0.4  0.4  0.4
Output:
0.1  0.1  0.1  0.1  0.1  0.1  0.1  0.1  0.1  0.1  0.1  0.1  0.1  0.1  0.1  0.1
0.1  0.1  0.1  0.1
step: 0.005 input: 2.5 energy: -3.28947368340158 iterations: 1000



Input:
2.5  2.5  2.5  2.5  2.5  2.5  2.5  2.5  2.5  2.5  2.5  2.5  2.5  2.5  2.5  2.5
2.5  2.5  2.5  2.5
Initial Activations:
0.4  0.4  0.4  0.4  0.4  0.4  0.4  0.4  0.4  0.4  0.4  0.4  0.4  0.4  0.4  0.4
0.4  0.4  0.4  0.4
Output:
Error: engery increasing......
-3.28947368421047 -3.28947368421048
iterations: 282
0.1  0.1  0.1  0.1  0.1  0.1  0.1  0.1  0.1  0.1  0.1  0.1  0.1  0.1  0.1  0.1
0.1  0.1  0.1  0.1
step: 0.025 input: 2.5 energy: -3.28947368421047 iterations: 282



Input:
2.5  2.5  2.5  2.5  2.5  2.5  2.5  2.5  2.5  2.5  2.5  2.5  2.5  2.5  2.5  2.5
2.5  2.5  2.5  2.5
Initial Activations:
0.4  0.4  0.4  0.4  0.4  0.4  0.4  0.4  0.4  0.4  0.4  0.4  0.4  0.4  0.4  0.4
0.4  0.4  0.4  0.4
Output:
Error: engery increasing......
-3.28947368421052 -3.28947368421052
iterations: 147
0.1  0.1  0.1  0.1  0.1  0.1  0.1  0.1  0.1  0.1  0.1  0.1  0.1  0.1  0.1  0.1
0.1  0.1  0.1  0.1
step: 0.05 input: 2.5 energy: -3.28947368421052 iterations: 147



Input:
2.5  2.5  2.5  2.5  2.5  2.5  2.5  2.5  2.5  2.5  2.5  2.5  2.5  2.5  2.5  2.5
2.5  2.5  2.5  2.5
Initial Activations:
0.4  0.4  0.4  0.4  0.4  0.4  0.4  0.4  0.4  0.4  0.4  0.4  0.4  0.4  0.4  0.4
0.4  0.4  0.4  0.4
Output:
Error: engery increasing......
-3.28947368421053 -3.28947368421053
iterations: 72
0.1  0.1  0.1  0.1  0.1  0.1  0.1  0.1  0.1  0.1  0.1  0.1  0.1  0.1  0.1  0.1
0.1  0.1  0.1  0.1
step: 0.1 input: 2.5 energy: -3.28947368421053 iterations: 72



Press any key to continue